
Wed Mar 20 23:09:54 2024


PARAMETERS
NUMBER_NEURON = 6
VOLTAGE_TRESHOLD = 1
LEARNING_RATE = 0.1
LEAK_RATE = 2
TIME_ITERATION = 50
ITERATION_SPIKE_IN = 50
THRESHOLD_COORDINATES = 0.1
THRESHOLD_GYROSCOPE = 0.05  0.05  0.5   
0    0    0    0    0    0     
0    1    0    1    0    1     
1    1    1    1    1    1     
1    1    1    1    1    1     
1    1    1    1    1    1     
1    1    1    1    1    1     
0    0    0    0    0    1     
0    0    0    0    0    0     
0    1    0    0    0    1     
0    0    0    0    0    1     
1    1    0    0    0    1     
1    1    0    0    1    1     
1    1    1    1    1    1     
1    1    1    1    1    1     
1    1    1    1    1    1     
1    1    1    1    1    1     
1    1    1    1    1    1     
0    0    0    0    1    1     
1    1    0    0    0    1     
0    1    0    0    1    1     
1    1    0    0    1    1     
1    1    0    1    1    1     
1    1    0    1    1    1     
1    1    1    1    1    1     
0    1    0    0    1    1     
1    1    0    1    1    1     
1    1    1    1    1    1     
1    1    1    1    1    1     
1    1    1    1    1    1     
1    1    1    1    1    1     
1    1    1    1    1    1     
0    0    0    0    1    1     
0    1    0    0    0    1     
0    1    0    0    1    1     
0    0    0    0    0    1     
1    1    0    0    0    0     
0    1    0    1    1    1     
1    1    1    1    1    1     
1    1    1    1    1    1     
1    1    1    1    1    1     
1    1    1    1    1    1     
1    1    1    1    1    1     
1    1    1    1    1    1     
1    1    1    1    1    1     
1    1    1    1    1    1     
0    0    0    0    0    0     
0    0    0    0    0    0     
0    0    0    0    0    0     
0    0    0    0    0    0     
0    0    0    0    0    0     
____________________________________
Thu Mar 21 10:43:42 2024


PARAMETERS
NUMBER_NEURON = 6
VOLTAGE_TRESHOLD = 1
LEARNING_RATE = 0.1
LEAK_RATE = 2
TIME_ITERATION = 50
ITERATION_SPIKE_IN = 50
THRESHOLD_COORDINATES = 0.1
THRESHOLD_GYROSCOPE = 0.05  0.05  0.5   
0    0    0    0    0    0     
0    1    0    1    0    1     
1    1    1    1    1    1     
1    1    1    1    1    1     
1    1    1    0    0    1     
1    1    0    0    1    1     
1    1    1    0    0    1     
0    0    0    0    0    1     
0    1    0    1    0    0     
1    1    0    0    0    1     
1    1    0    1    1    1     
1    1    1    1    1    1     
1    1    1    1    1    1     
1    1    1    1    1    1     
1    1    1    1    1    1     
1    0    0    0    0    1     
0    0    0    1    0    0     
0    0    0    1    0    0     
0    0    0    1    0    0     
0    0    0    1    0    0     
0    0    0    1    0    0     
1    0    0    1    0    0     
1    0    0    1    0    0     
1    0    0    1    0    0     
1    1    0    1    0    0     
1    1    1    1    1    1     
1    1    1    1    1    1     
1    1    1    1    1    1     
1    1    1    1    1    1     
1    1    1    1    1    1     
1    1    1    1    1    1     
1    1    1    1    1    1     
1    1    1    1    1    1     
1    1    1    1    1    1     
1    1    1    1    0    1     
1    1    1    1    1    1     
0    0    0    1    0    1     
1    0    0    1    0    0     
1    1    0    1    0    0     
1    1    1    1    0    1     
1    1    1    1    1    1     
1    1    1    1    1    1     
1    1    1    1    1    1     
0    0    0    1    0    1     
0    0    1    1    0    0     
0    0    0    0    0    0     
0    0    0    1    0    0     
1    0    0    1    0    0     
0    0    0    1    0    0     
1    0    0    1    0    0     
____________________________________
Thu Mar 21 10:59:04 2024


PARAMETERS
NUMBER_NEURON = 6
VOLTAGE_TRESHOLD = 1
LEARNING_RATE = 0.1
LEAK_RATE = 2
TIME_ITERATION = 50
ITERATION_SPIKE_IN = 50
THRESHOLD_COORDINATES = 0.1
THRESHOLD_GYROSCOPE = 0.05  0.05  0.5   
0    0    0    0    0    0     
0    1    0    1    0    1     
1    1    1    1    1    1     
1    1    1    1    1    1     
1    1    1    0    0    1     
1    1    0    0    1    1     
1    1    1    0    0    1     
0    0    0    0    0    1     
0    1    0    1    0    0     
1    1    0    0    0    1     
1    1    0    1    1    1     
1    1    1    1    1    1     
1    1    1    1    1    1     
1    1    1    1    1    1     
1    1    1    1    1    1     
1    1    1    1    1    1     
0    0    0    0    0    1     
0    1    0    0    0    0     
0    0    0    1    0    0     
0    0    0    0    0    0     
0    0    0    1    0    0     
1    0    0    0    0    0     
0    0    0    1    0    0     
1    0    0    1    0    0     
1    0    0    1    0    1     
0    1    0    1    1    1     
0    1    0    1    0    1     
0    1    0    1    1    1     
0    1    0    0    0    0     
0    0    0    1    0    0     
____________________________________
Thu Mar 21 11:05:40 2024


PARAMETERS
NUMBER_NEURON = 6
VOLTAGE_TRESHOLD = 1
LEARNING_RATE = 0.1
LEAK_RATE = 2
TIME_ITERATION = 50
ITERATION_SPIKE_IN = 50
THRESHOLD_COORDINATES = 0.1
THRESHOLD_GYROSCOPE = 0.05  0.05  0.5   
0    0    0    0    0    0     
0    1    0    1    0    1     
1    1    1    1    1    1     
1    1    1    1    1    1     
1    1    1    0    0    1     
1    1    1    1    1    1     
1    1    1    0    0    1     
1    1    0    0    0    1     
1    1    0    1    0    1     
1    1    1    1    0    1     
1    1    0    0    0    1     
0    1    0    0    0    1     
0    1    0    1    0    1     
1    1    1    1    0    1     
1    1    1    1    1    1     
1    1    1    1    1    1     
1    1    1    1    0    1     
1    1    1    1    0    1     
1    1    1    1    1    1     
1    1    1    1    1    1     
1    1    1    1    1    1     
1    1    1    1    1    1     
1    1    0    0    0    1     
0    0    0    0    0    0     
0    1    0    1    0    1     
____________________________________
Thu Mar 21 11:09:57 2024


PARAMETERS
NUMBER_NEURON = 6
VOLTAGE_TRESHOLD = 1
LEARNING_RATE = 0.1
LEAK_RATE = 2
TIME_ITERATION = 50
ITERATION_SPIKE_IN = 50
THRESHOLD_COORDINATES = 0.1
THRESHOLD_GYROSCOPE = 0.05  0.05  0.5   
0    0    0    0    0    0     
0    1    0    1    0    1     
1    1    1    1    1    1     
1    1    1    1    1    1     
1    1    1    0    0    1     
1    1    1    0    1    1     
1    1    0    0    0    1     
0    1    0    0    0    1     
0    1    0    1    0    1     
1    1    1    1    0    1     
1    1    1    1    1    1     
1    1    1    1    1    1     
1    1    1    1    1    1     
1    1    1    1    1    1     
1    1    1    1    1    1     
1    1    0    0    0    1     
0    0    0    0    0    0     
0    1    0    0    0    0     
0    1    0    1    0    0     
1    1    1    1    1    1     
1    1    1    0    1    1     
1    1    1    0    1    1     
1    1    1    0    1    1     
1    1    0    0    0    1     
0    0    0    0    0    0     
0    1    0    1    0    0     
1    1    0    1    0    1     
1    1    0    0    0    0     
0    0    0    0    0    0     
0    1    0    1    0    0     
1    1    0    1    0    1     
1    1    1    1    0    1     
1    1    1    1    0    1     
1    1    1    1    1    1     
1    1    1    1    1    1     
1    1    1    0    1    1     
1    1    1    0    0    1     
0    1    0    0    0    1     
0    1    0    1    0    1     
1    1    1    0    1    1     
0    0    0    0    0    0     
0    0    0    0    0    0     
0    0    0    1    0    0     
1    1    0    1    0    0     
1    0    0    0    0    0     
0    0    0    0    0    0     
0    0    0    0    0    0     
0    0    0    0    0    0     
0    0    0    0    0    0     
0    0    0    0    0    0     
____________________________________
Thu Mar 21 11:21:38 2024


PARAMETERS
NUMBER_NEURON = 6
VOLTAGE_TRESHOLD = 1
LEARNING_RATE = 0.1
LEAK_RATE = 2
TIME_ITERATION = 50
ITERATION_SPIKE_IN = 50
THRESHOLD_COORDINATES = 0.1
THRESHOLD_GYROSCOPE = 0.05  0.05  0.5   
0    0    0    0    0    0     
0    0    0    0    0    0     
0    0    0    0    0    0     
0    0    0    0    0    0     
0    0    0    0    0    0     
0    0    0    0    0    0     
0    0    0    0    0    0     
0    0    0    0    0    0     
0    0    0    0    0    0     
0    0    0    0    0    0     
0    0    0    0    0    0     
0    0    0    0    0    0     
0    0    0    0    0    0     
0    0    0    0    0    0     
0    0    0    0    0    0     
0    0    0    0    0    0     
0    0    0    0    0    0     
0    0    0    0    0    0     
0    0    0    0    0    0     
0    0    0    0    0    0     
0    0    0    0    0    0     
0    0    0    0    0    0     
0    0    0    0    0    0     
0    0    0    0    0    0     
____________________________________
Thu Mar 21 11:27:15 2024


PARAMETERS
NUMBER_NEURON = 6
VOLTAGE_TRESHOLD = 1
LEARNING_RATE = 0.1
LEAK_RATE = 2
TIME_ITERATION = 50
ITERATION_SPIKE_IN = 50
THRESHOLD_COORDINATES = 0.1
THRESHOLD_GYROSCOPE = 0.05  0.05  0.5   
0    0    0    0    0    0     
0    1    0    1    0    1     
1    1    1    1    1    1     
1    1    1    1    1    1     
1    1    1    1    1    1     
1    1    1    1    1    1     
0    0    0    0    0    1     
0    0    0    0    0    1     
0    0    0    0    0    1     
1    0    0    0    0    1     
1    1    0    0    0    1     
1    1    0    0    1    1     
1    1    1    1    1    1     
1    1    1    1    1    1     
1    1    1    1    1    1     
1    1    1    1    1    1     
1    1    1    1    1    1     
1    1    1    1    1    1     
0    1    0    0    1    1     
0    1    0    0    0    1     
0    1    0    0    1    1     
0    1    0    0    0    1     
0    1    0    0    0    1     
0    1    0    0    1    1     
0    1    0    0    1    1     
0    1    0    0    1    1     
0    1    1    0    1    1     
1    1    1    1    1    1     
1    1    1    1    1    1     
1    1    1    1    1    1     
1    1    1    1    1    1     
1    1    1    1    1    1     
1    1    1    1    1    1     
1    1    0    0    1    1     
1    1    1    1    1    1     
0    1    0    0    1    1     
1    1    1    1    1    1     
0    1    0    0    1    1     
1    1    0    1    1    1     
1    1    0    0    1    1     
1    1    1    1    1    1     
1    1    1    1    1    1     
1    1    1    1    1    1     
1    1    1    1    1    1     
1    1    1    1    1    1     
1    1    1    1    1    1     
0    0    0    0    1    1     
1    1    0    0    1    1     
1    1    0    0    1    0     
1    1    0    0    1    0     
____________________________________
Thu Mar 21 11:39:24 2024


PARAMETERS
NUMBER_NEURON = 6
VOLTAGE_TRESHOLD = 1
LEARNING_RATE = 0.1
LEAK_RATE = 2
TIME_ITERATION = 100
ITERATION_SPIKE_IN = 10
THRESHOLD_COORDINATES = 0.1
THRESHOLD_GYROSCOPE = 0.05  0.05  0.5   
0    0    0    0    0    0     
0    1    0    1    0    1     
1    1    1    1    1    1     
1    1    1    1    1    1     
1    1    1    1    1    1     
1    1    1    1    1    1     
0    1    0    0    0    1     
0    1    0    0    0    1     
0    1    0    0    0    1     
0    1    0    0    0    1     
0    1    0    1    0    1     
1    1    1    1    1    1     
1    1    1    1    1    1     
1    1    1    1    1    1     
1    1    1    1    1    1     
1    1    1    1    1    1     
1    1    1    1    1    1     
0    0    1    0    1    1     
0    0    0    0    0    1     
0    0    0    0    1    1     
0    0    0    0    1    0     
0    0    0    0    0    0     
0    0    0    0    0    0     
0    0    0    0    0    0     
0    0    0    0    0    0     
0    0    0    0    0    0     
0    0    0    0    0    0     
0    0    0    0    0    0     
0    0    0    0    0    0     
0    0    0    0    0    0     
0    0    0    0    0    0     
0    0    0    0    0    0     
0    0    0    0    0    0     
0    0    0    0    0    0     
0    0    0    0    0    0     
0    0    0    0    0    0     
0    0    0    0    0    0     
0    0    0    0    0    0     
0    0    0    0    0    0     
0    0    0    0    0    0     
0    0    0    0    0    0     
0    0    0    0    0    0     
0    0    0    0    0    0     
0    0    0    0    0    0     
0    0    0    0    0    0     
0    0    0    0    0    0     
0    0    0    0    0    0     
0    0    0    0    0    0     
0    0    0    0    0    0     
0    0    0    0    0    0     
0    0    0    0    0    0     
0    0    0    0    0    0     
0    0    0    0    0    0     
0    0    0    0    0    0     
0    0    0    0    0    0     
0    0    0    0    0    0     
0    0    0    0    0    0     
0    0    0    0    0    0     
0    0    0    0    0    0     
0    0    0    0    0    0     
0    0    0    0    0    0     
0    0    0    0    0    0     
0    0    0    0    0    0     
0    0    0    0    0    0     
0    0    0    0    0    0     
0    0    0    0    0    0     
0    0    0    0    0    0     
____________________________________
Thu Mar 21 11:53:48 2024


PARAMETERS
NUMBER_NEURON = 6
VOLTAGE_TRESHOLD = 1
LEARNING_RATE = 0.1
LEAK_RATE = 2
TIME_ITERATION = 100
ITERATION_SPIKE_IN = 10
THRESHOLD_COORDINATES = 0.1
THRESHOLD_GYROSCOPE = 0.05  0.05  0.5   
0    0    0    0    0    0     
0    1    0    1    0    1     
1    1    1    1    1    1     
1    1    1    1    1    1     
1    1    1    0    0    1     
1    1    1    0    1    1     
1    1    1    0    0    1     
1    1    1    1    1    1     
1    1    1    1    1    1     
1    1    1    1    1    1     
1    1    1    1    1    1     
1    1    1    1    1    1     
1    1    1    1    1    1     
1    1    1    1    1    1     
1    1    1    0    1    1     
1    0    1    0    1    1     
1    0    0    0    0    1     
1    0    1    0    1    0     
1    1    1    1    1    1     
1    1    1    1    1    1     
1    1    1    1    1    1     
1    1    1    1    1    1     
1    0    1    0    1    1     
0    0    1    0    1    1     
____________________________________
Thu Mar 21 12:11:21 2024


PARAMETERS
NUMBER_NEURON = 6
VOLTAGE_TRESHOLD = 1
LEARNING_RATE = 0.1
LEAK_RATE = 2
TIME_ITERATION = 100
ITERATION_SPIKE_IN = 10
THRESHOLD_COORDINATES = 0.1
THRESHOLD_GYROSCOPE = 0.05  0.05  0.5   
0    0    0    0    0    0     
0    1    0    1    0    1     
1    1    1    1    1    1     
1    1    1    1    1    1     
1    1    1    0    0    1     
1    1    1    0    1    1     
1    1    0    0    0    1     
1    1    1    0    1    1     
1    1    1    1    1    1     
1    1    1    1    1    1     
1    1    1    1    1    1     
1    1    1    0    0    1     
1    1    1    0    0    1     
1    1    1    0    1    1     
1    1    1    1    1    1     
1    1    1    1    1    1     
1    1    1    1    1    1     
1    1    1    1    1    1     
1    1    1    1    1    1     
1    1    1    1    1    1     
1    1    1    0    0    1     
1    1    1    0    1    1     
1    1    0    0    0    0     
0    0    0    0    0    0     
0    0    0    0    0    0     
0    0    0    0    1    0     
1    0    0    0    0    0     
0    0    0    0    0    0     
0    0    0    0    1    0     
1    1    0    0    1    1     
1    1    1    0    1    1     
1    1    1    1    1    1     
1    1    1    1    1    1     
1    1    1    1    1    1     
1    1    1    1    1    1     
1    1    1    1    1    1     
1    1    1    1    1    1     
1    1    1    1    1    1     
1    1    1    1    1    1     
1    1    1    1    1    1     
1    1    1    1    1    1     
1    1    1    1    1    1     
1    1    1    1    1    1     
0    0    0    0    0    0     
0    0    0    1    0    0     
0    0    0    0    0    0     
0    1    0    0    1    0     
0    0    0    0    0    0     
0    1    0    0    1    1     
0    0    0    0    0    0     
0    0    0    0    0    0     
0    0    0    0    0    0     
0    0    0    0    0    0     
0    0    0    0    0    0     
0    0    0    0    0    0     
0    0    0    0    0    0     
____________________________________
Thu Mar 21 12:27:32 2024


PARAMETERS
NUMBER_NEURON = 6
VOLTAGE_TRESHOLD = 1
LEARNING_RATE = 0.1
LEAK_RATE = 2
TIME_ITERATION = 100
ITERATION_SPIKE_IN = 10
THRESHOLD_COORDINATES = 0.1
THRESHOLD_GYROSCOPE = 0.05  0.05  0.9   
0    0    0    0    0    0     
0    1    0    1    0    1     
1    1    1    1    1    1     
____________________________________
Thu Mar 21 12:30:10 2024


PARAMETERS
NUMBER_NEURON = 6
VOLTAGE_TRESHOLD = 1
LEARNING_RATE = 0.1
LEAK_RATE = 2
TIME_ITERATION = 100
ITERATION_SPIKE_IN = 10
THRESHOLD_COORDINATES = 0.1
THRESHOLD_GYROSCOPE = 0.05  0.05  0.9   
0    0    0    0    0    0     
0    1    0    1    0    1     
1    1    1    1    1    1     
1    1    1    1    1    1     
1    1    1    0    0    1     
1    1    1    0    1    1     
1    1    1    0    0    1     
1    1    1    1    1    1     
1    1    1    1    1    1     
1    1    1    1    1    1     
1    1    1    1    1    1     
____________________________________
Thu Mar 21 12:34:15 2024


PARAMETERS
NUMBER_NEURON = 6
VOLTAGE_TRESHOLD = 1
LEARNING_RATE = 0.1
LEAK_RATE = 2
TIME_ITERATION = 100
ITERATION_SPIKE_IN = 10
THRESHOLD_COORDINATES = 0.1
THRESHOLD_GYROSCOPE = 0.05  0.05  0.9   
0    0    0    0    0    0     
0    1    0    1    0    1     
1    1    1    1    1    1     
1    1    1    1    1    1     
1    1    1    0    0    1     
1    1    1    0    1    1     
1    1    0    0    0    1     
1    1    1    0    0    1     
1    1    0    0    1    1     
1    1    1    1    1    1     
1    1    1    1    1    1     
1    1    1    1    1    1     
1    1    1    0    1    1     
1    1    1    0    1    1     
0    0    1    0    0    1     
0    0    0    0    0    0     
0    0    0    0    0    0     
0    0    0    0    0    0     
0    0    0    0    0    0     
0    0    0    0    0    0     
0    0    0    0    0    0     
0    0    0    0    0    0     
0    1    0    1    0    0     
1    1    0    1    0    1     
1    1    1    1    1    1     
1    1    1    1    1    1     
1    1    1    0    1    1     
1    1    1    0    1    1     
0    1    0    0    0    1     
1    1    1    0    0    1     
0    1    0    0    0    0     
0    0    0    0    1    1     
1    1    1    0    0    1     
1    1    1    0    1    1     
1    1    1    1    1    1     
1    1    1    1    1    1     
1    1    1    1    1    1     
1    1    1    1    1    1     
1    1    1    0    0    1     
0    1    0    0    0    0     
0    0    0    0    0    1     
0    1    0    0    0    0     
0    0    0    0    0    1     
0    1    0    0    0    0     
1    0    0    0    0    1     
0    1    0    0    0    0     
1    1    0    0    1    1     
1    1    1    0    1    1     
1    1    1    1    1    1     
1    1    1    1    1    1     
1    1    1    1    1    1     
1    1    1    1    1    1     
1    1    1    1    1    1     
1    1    1    1    1    1     
1    1    1    1    1    1     
1    1    1    1    1    1     
0    1    1    0    0    1     
0    1    1    0    0    1     
0    0    1    0    0    1     
0    0    0    0    0    0     
0    0    0    0    0    0     
0    0    0    0    0    0     
0    1    0    0    1    0     
1    1    0    0    0    1     
0    0    0    0    0    0     
0    0    0    0    0    0     
0    0    0    0    1    0     
1    1    0    0    0    0     
1    0    0    0    0    1     
0    0    0    0    0    0     
0    0    0    0    0    0     
0    0    0    0    0    0     
0    0    0    0    0    0     
0    0    0    0    0    0     
0    0    0    0    0    0     
0    0    0    0    0    0     
0    0    0    0    0    0     
0    0    0    0    0    0     
0    0    0    0    0    0     
0    0    0    0    0    0     
0    0    0    0    0    0     
0    0    0    0    1    0     
1    1    0    0    1    1     
0    1    0    0    0    1     
0    1    0    0    1    1     
1    1    0    0    1    1     
1    1    1    0    1    1     
1    1    1    0    1    1     
1    1    1    0    1    1     
1    1    1    1    1    1     
1    1    1    1    1    1     
1    1    1    1    1    1     
1    1    1    1    1    1     
0    1    1    0    0    1     
0    1    1    0    0    1     
0    1    1    0    0    1     
0    0    1    0    0    1     
0    0    1    0    0    0     
0    0    0    0    0    0     
0    0    0    0    0    0     
